epoch,ep_recon_loss,ep_kl_loss,ep_perplexity
1,0.20498804617201602,0.005656343762425633,0.0
2,0.07553475066029196,0.0038509666800284306,0.0
3,0.0484577267310869,0.013031620227190581,0.0
4,0.033488046732055264,0.004428561979252452,0.0
5,0.02543005025709826,0.004252901852171967,0.0
6,0.020976758698091885,0.004507930673619122,0.0
7,0.016628773085024397,0.0039312574871423886,0.0
8,0.03355700026840003,0.003393183956058418,0.0
9,0.01558460762089645,0.002782185138529547,0.0
10,0.011605880705822448,0.0026480519784850714,0.0
11,0.010326921412051274,0.001965119401575066,0.0
12,0.011319444250174943,0.001967182433803874,0.0
13,0.009263510000769182,0.0013773769176254915,0.0
14,0.008163483906365373,0.0015440593033187575,0.0
15,0.007081464493700268,0.0011235698769303758,0.0
16,0.006304951629160318,0.0007189414000670615,0.0
17,0.006134350548713479,0.0008155376936319724,0.0
18,0.005623639955427026,0.0007723709903781466,0.0
19,0.005237300995440627,0.0006873820206437276,0.0
20,0.004537409309367551,0.000450400113649907,0.0
21,0.004500118114829323,0.00044857696974363897,0.0
22,0.00489240134405542,0.0005337807120698704,0.0
23,0.004689996902322994,0.0004561505260203625,0.0
24,0.004567665281633842,0.00037908464569054673,0.0
25,0.004631546615300708,0.00033307410450885566,0.0
26,0.004519039873433602,0.00027637685525405686,0.0
27,0.005146984768248426,0.0004350894793292988,0.0
28,0.005950545649833089,0.00047848662998225687,0.0
29,0.02071180603420755,0.00028520122587879506,0.0
30,0.008284534515202918,0.0003486232360932885,0.0
31,0.008081609825800145,0.0005993717150437378,0.0
32,0.007893469207723653,0.000207843888731023,0.0
33,0.008871224544301849,0.000348841416197183,0.0
34,0.01172071238434461,0.00019682902555989115,0.0
35,0.01245868960857187,0.00023151099183927004,0.0
36,0.014833058075481272,0.0005079901739891706,0.0
37,0.01618119734101182,0.00020111921575055006,0.0
38,0.02243668878048694,0.00035879813273097656,0.0
39,0.02708247927619726,0.0006325141771240057,0.0
40,0.028998382484593393,0.0003716457633138045,0.0
41,0.026530184142634406,0.00024048858377003092,0.0
42,0.025683666189409447,0.0003729405188813898,0.0
43,0.02464498189559898,0.00016534237426030007,0.0
44,0.024468310552851577,0.00028484236273981133,0.0
45,0.022691182500288825,0.0002318937371501882,0.0
46,0.022263198033150064,0.0003021532255793452,0.0
47,0.020816633262168538,0.0001345562043364989,0.0
48,0.020574343018675858,0.0001927342857115677,0.0
49,0.02056247375872112,0.00026461754261717675,0.0
50,0.019217859232922983,0.0001762854724357156,0.0
51,0.01894311429964642,0.00017930942921173996,0.0
52,0.018379501322036775,0.00018566493420963095,0.0
53,0.01750032434373591,0.0001635292955054823,0.0
54,0.01744512821138023,0.00023015453139257878,0.0
55,0.01681828006457553,0.00012951311848293607,0.0
56,0.01624903714118274,0.00015772465275200713,0.0
57,0.016055669380353865,0.00017084834986764945,0.0
58,0.015790142450616242,0.00016076226564086648,0.0
59,0.015127934887317571,0.00015516026655763667,0.0
60,0.014997910688540854,0.0001420088051398946,0.0
61,0.014376590828085121,0.00013056370559986485,0.0
62,0.01451327369800368,0.0001332948769742126,0.0
63,0.0140152027360645,0.00014715220186573735,0.0
64,0.013404190457177462,0.00017189937150814395,0.0
65,0.013192253726395044,0.00011830111692427708,0.0
66,0.013063144243940247,0.00015007538806404162,0.0
67,0.012555689780205638,0.0001513678301534078,0.0
68,0.012571175490606198,0.00015506364856387355,0.0
69,0.011765243458799342,0.0001862859613377427,0.0
70,0.01182902844036725,0.00020221993815274674,0.0
71,0.011368217793433782,0.00014866455456262595,0.0
72,0.01121583501629056,0.000175274137674879,0.0
73,0.010946052600108952,0.00018447147253610957,0.0
74,0.01094561430489554,0.0001537653163488918,0.0
75,0.010655792485426458,0.00016040279538922538,0.0
76,0.010343159640424999,0.00013862562141165566,0.0
77,0.010014919102396266,0.00015074163901415517,0.0
78,0.009933271023389817,0.00014459288160290613,0.0
79,0.009655890028475772,0.0001291724493441453,0.0
80,0.009616710362884213,0.0001288016653314669,0.0
81,0.009217224355599398,0.0001115691154810992,0.0
82,0.00913432536878572,0.00011075936956853037,0.0
83,0.009071940565255829,0.0001015595483943871,0.0
84,0.00880681930103964,0.0001301817110557166,0.0
85,0.008482530221509067,0.00010002164602651013,0.0
86,0.008493803663303061,9.448398676285086e-05,0.0
87,0.008303711909942234,9.231885151972233e-05,0.0
88,0.00804833694567947,0.00010426186224632849,0.0
89,0.007848112463493309,0.0001042602235901529,0.0
90,0.007693445089814462,9.448101326778043e-05,0.0
91,0.007560624859520757,8.679584083868188e-05,0.0
92,0.0074884777815957485,8.716586060718366e-05,0.0
93,0.007401376357130149,0.00010033458748091609,0.0
94,0.0070407489290851945,9.025894413050853e-05,0.0
95,0.006962061123721074,0.00011129413460865656,0.0
96,0.00690784411385011,9.429732776515408e-05,0.0
97,0.006893443723478382,8.930959937728565e-05,0.0
98,0.006634039378588438,0.00010063554814242795,0.0
99,0.006485724597697771,8.360083859459544e-05,0.0
100,0.006471405586056835,9.334568082372646e-05,0.0
101,0.006310490420150063,8.518299233892398e-05,0.0
102,0.00622619130220834,9.228230901268794e-05,0.0
103,0.006103627489808994,8.292987277022247e-05,0.0
104,0.005983003986437455,8.397948804025574e-05,0.0
105,0.005860865091681992,7.929428269532077e-05,0.0
106,0.005809152548944083,7.770900959906685e-05,0.0
107,0.005623051998309127,7.519623253955988e-05,0.0
108,0.005649541489576591,6.945521014545826e-05,0.0
109,0.005471684967751226,7.192356273286803e-05,0.0
110,0.005389442732449589,7.088640653481609e-05,0.0
111,0.005299232959394139,6.727259608732492e-05,0.0
112,0.005259233516140424,6.941545835013633e-05,0.0
113,0.005138196706386747,6.488854167032457e-05,0.0
114,0.005110066235487896,5.9253492892767945e-05,0.0
115,0.005021788252449795,6.0338016419144904e-05,0.0
116,0.004952335099059448,6.971003658460936e-05,0.0
117,0.004867139012115135,6.516531400940281e-05,0.0
118,0.004806630555621372,5.6326948295095405e-05,0.0
119,0.0047239978837766905,5.626442269871565e-05,0.0
120,0.004680257894843915,5.2533753095983076e-05,0.0
121,0.0046126248781251985,5.654360265830848e-05,0.0
122,0.004562794315611024,6.435965147476794e-05,0.0
123,0.004495523461923672,5.705064572429506e-05,0.0
124,0.004447866356091668,5.614725073869733e-05,0.0
125,0.004396066365307708,4.8838638688141934e-05,0.0
126,0.0043518547959579545,5.311206707564863e-05,0.0
127,0.004292051704626978,5.5192334889110085e-05,0.0
128,0.004269943501847454,5.329243254653553e-05,0.0
129,0.004219620671434689,5.061231322044002e-05,0.0
130,0.004172240596307336,5.1038634341285284e-05,0.0
131,0.00413640254312971,4.966488483779177e-05,0.0
132,0.004098501764871533,5.2119805324365354e-05,0.0
133,0.0040636629877216085,5.262148257883812e-05,0.0
134,0.00402813243309089,4.8760852369321176e-05,0.0
135,0.003995441990675609,4.913765233256147e-05,0.0
136,0.00396645544294537,4.815539483879624e-05,0.0
137,0.00394855457806777,4.5764323758434915e-05,0.0
138,0.0039089091501851025,4.5360026377983164e-05,0.0
139,0.003889730196671643,4.6009397160157246e-05,0.0
140,0.003867302007898531,4.4828028135865686e-05,0.0
